5724,14
5724,13
5724,12
5724,11
5724,10
5724,9
5724,8
5724,7
5724,6
5724,5
5724,4
5724,3
5724,2
5724,1
5724,0
5723,14
5723,13
5723,12
5723,11
5723,10
5723,9
5723,8
5723,7
5723,6
5723,5
5723,4
5723,3
5723,2
5723,1
5723,0
5722,14
5722,13
5722,12
5722,11
5722,10
5722,9
5722,8
5722,7
5722,6
5722,5
5722,4
5722,3
5722,2
5722,1
5722,0
5721,14
5721,13
5721,12
5721,11
5721,10
5721,9
5721,8
5721,7
5721,6
5721,5
5721,4
5721,3
5721,2
5721,1
5721,0
0,310
0,305
0,308
0,307
0,302
0,304
0,303
0,12
0,318
0,10
0,8
0,0
0,416
0,431
0,300
0,504
0,413
0,299
0,564
0,479
0,298
0,555
0,412
0,297
0,423
0,411
0,296
0,419
0,410
0,295
0,530
0,498
0,294
0,475
0,409
0,293
0,529
0,292
0,550
0,473
0,291
0,421
0,405
0,290
0,560
0,547
0,289
0,549
0,552
0,288
0,389
0,404
0,287
0,546
0,403
0,286
0,407
0,402
0,285
0,528
0,497
0,284
0,527
0,496
0,283
0,526
0,472
0,282
0,398
0,502
0,281
0,525
0,329
0,280
0,495
0,394
0,279
0,393
0,501
0,278
0,391
0,395
0,277
0,543
0,388
0,276
0,559
0,493
0,275
0,387
0,274
0,463
0,386
0,273
0,500
0,385
0,272
0,483
0,390
0,271
0,573
0,384
0,270
0,524
0,491
0,269
0,544
0,418
0,268
0,381
0,267
0,523
0,266
0,562
0,461
0,265
0,517
0,380
0,264
0,572
0,379
0,263
0,567
0,333
0,262
0,476
0,456
0,261
0,469
0,377
0,260
0,522
0,566
0,259
0,474
0,514
0,258
0,374
0,257
0,521
0,575
0,256
0,542
0,574
0,255
0,445
0,373
0,254
0,571
0,372
0,253
0,570
0,371
0,252
0,557
0,492
0,251
0,480
0,370
0,250
0,467
0,488
0,249
0,519
0,484
0,248
0,449
0,367
0,247
0,541
0,556
0,246
0,516
0,471
0,245
0,569
0,366
0,244
0,558
0,365
0,242
0,448
0,466
0,241
0,363
0,240
0,515
0,440
0,239
0,344
0,489
2,6
5654,0
0,470
5654,3
0,477
0,478
2,4
0,499
1,0
0,506
1,3
0,568
2,5
2,7
5655,3
5655,1
3,1
3,3
5668,3
5668,1
5655,2
5668,4
5660,1
5660,3
5663,1
5663,4
5665,0
5665,3
5665,4
5671,1
5671,4
5671,5
5671,7
5671,8
5671,10
5684,1
5684,3
5687,1
5687,3
5689,1
5689,3
5698,1
5701,0
5701,1
5710,0
5710,1
5716,0
5716,3
5718,0
5720,0
5720,1
5720,4
5720,5
5651,0
5651,1
5674,0
5674,5
5674,7
5674,8
5674,10
5674,11
5674,13
5716,4
5718,1
5718,7
5674,12
5674,9
5674,6
5674,1
5674,4
5674,3
5651,3
5698,5
5720,3
5718,3
5716,1
5710,3
5701,3
5698,3
5698,0
5689,0
5687,0
5684,0
5671,9
5671,6
5671,3
5671,0
5665,1
5663,3
5663,0
5660,0
5654,4
5654,2
5668,0
3,0
5655,0
1,1
0,534
5654,5
0,494
5654,1
2,1
0,457
0,452
2,3
0,408
0,322
2,0
0,243
0,563
0,9
0,420
0,382
0,238
0,460
0,554
0,237
0,540
0,236
0,361
0,359
0,235
0,538
0,503
0,234
0,464
0,459
0,233
0,435
0,358
0,232
0,458
0,357
0,231
0,451
0,356
0,230
0,513
0,355
0,229
0,455
0,354
0,228
0,430
0,353
0,227
0,510
0,545
0,226
0,399
0,352
0,225
0,454
0,539
0,224
0,509
0,520
0,223
0,324
0,349
0,222
0,429
0,453
0,221
0,508
0,551
0,220
0,414
0,348
0,219
0,347
0,218
0,376
0,346
0,217
0,481
0,507
0,216
0,450
0,548
0,215
0,375
0,343
0,214
0,415
0,342
0,213
0,518
0,341
0,212
0,383
0,340
0,211
0,360
0,339
0,210
0,537
0,338
0,209
0,511
0,337
0,208
0,505
0,336
0,207
0,444
0,446
0,432
0,206
0,441
0,335
0,205
0,443
0,351
0,204
0,319
0,442
0,203
0,369
0,428
0,332
0,202
0,536
0,439
0,201
0,396
0,533
0,200
0,512
0,331
0,199
0,438
0,490
0,198
0,437
0,417
0,197
0,433
0,328
0,196
0,561
0,392
0,195
0,532
0,334
0,194
0,378
0,327
0,193
0,401
0,326
0,192
0,406
0,325
0,63
0,468
0,462
0,62
0,350
0,323
0,61
0,368
0,321
0,60
0,422
0,427
0,59
0,364
0,320
0,58
0,565
0,426
0,57
0,425
0,362
0,56
0,400
0,317
0,55
0,465
0,531
0,447
0,54
0,397
0,424
0,53
0,486
0,316
0,52
0,487
0,434
0,315
0,51
0,535
0,314
0,50
0,345
0,313
0,49
0,330
0,312
0,48
0,482
0,311
0,47
0,553
0,309
0,46
0,436
0,306
0,45
0,485
0,301
0,6
0,5
0,1
0,11
0,4
0,2
0,3
0,7
